1.257404669349131837e-03
1.116098839935790021e-03
9.913625368783447050e-04
8.810087319557251620e-04
7.831768100933908169e-04
6.962800672482302809e-04
6.189542482633976972e-04
5.500072252214206498e-04
4.884248257892756084e-04
4.333478622007692731e-04
3.840444720958928666e-04
3.398874794391063426e-04
3.003358577575028195e-04
2.648375584141011724e-04
2.330105363495884067e-04
2.045784659005577086e-04
1.792132011521473003e-04
1.566210246678623338e-04
1.365372660616541781e-04
1.187220106287027716e-04
1.029566979985909142e-04
8.904144058442685545e-05
7.679291696455228214e-05
6.588433155374826379e-05
5.665259949554889163e-05
4.864862945061868840e-05
4.168156704956914115e-05
3.560450960769152872e-05
3.030224739479963885e-05
2.568213292810628924e-05
2.166737674649295156e-05
1.816163163461461142e-05
1.516906091205607087e-05
1.260475127414573124e-05
1.042096386674265800e-05
8.573301821959539544e-06
7.020394041096218318e-06
5.723838655532265636e-06
4.648276027723122612e-06
3.761496820176606169e-06
3.034522166451473285e-06
2.442084469371434296e-06
1.963125759375697068e-06
1.578468228049712314e-06
1.270973887239101119e-06
1.025899261687718505e-06
8.308972440430633839e-07
6.758268964485934140e-07
5.524765152334883828e-07
4.542641601690920178e-07
3.759514514453167169e-07
3.133105012513129899e-07
2.627798564026112588e-07
2.216354023926749599e-07
1.878390040967498039e-07
1.598515660462412309e-07
1.365003370641409243e-07
1.168837311300022924e-07
1.003023923908155620e-07
8.620882236268096997e-08
7.417027449436140581e-08
6.385172753690652164e-08
5.501518448727512417e-08
4.745889242791591675e-08
4.100357102450627120e-08
3.549180209396805593e-08
3.078668346942194486e-08
2.677007442393399595e-08
2.334066244691984356e-08
2.041200591393687957e-08
1.791065085840784698e-08
1.577437915468973068e-08
1.395061667334733794e-08
1.239501050148940108e-08
1.107600090323799157e-08
9.948980947994626336e-09
8.981561165713032450e-09
8.145107165449576278e-09
7.417116525009312248e-09
6.779709422574664850e-09
6.218535364764958123e-09
5.721969952168953826e-09
5.280516998594437493e-09
4.886358144105853303e-09
4.533009810310801974e-09
4.215059233412240178e-09
3.927959413470427789e-09
3.667868420822135704e-09
3.431522425701202766e-09
3.216134600977196389e-09
3.019314045134689939e-09
2.839000320885523312e-09
2.673410265619411471e-09
2.520994514279152989e-09
2.380401760405003916e-09
2.250449221300952918e-09
2.130098107070225091e-09
2.018433148273857074e-09
1.914645433167987917e-09
1.818017957451881399e-09
1.727913407932646493e-09
1.643763794432705027e-09
1.565061617566333671e-09
1.491352318154620044e-09
1.422227800411209350e-09
1.357320858187108088e-09
1.296300363483443584e-09
1.238867100646291298e-09
1.184750149325858466e-09
1.133703735331454286e-09
1.085504481663226870e-09
1.039888103014478206e-09
9.967957427243443258e-10
9.559917498099689686e-10
9.173210765927957477e-10
8.806416166535001598e-10
8.458229270564982676e-10
8.127450951500847654e-10
7.812977316102682600e-10
7.513790739619269600e-10
7.228951869842173938e-10
6.957592482532949712e-10
6.698909086477010122e-10
6.452157189842608078e-10
6.216646151014702298e-10
5.991734546932256925e-10
5.776826000435871618e-10
5.571365415439155471e-10
5.374835575047995767e-10
5.186754063213022404e-10
5.006670475236754794e-10
4.834163886571390895e-10
4.668840552924924241e-10
4.510331817816529405e-10
4.358292206450353103e-10
4.212397687164268729e-10
4.072344083802586602e-10
3.937845624198658602e-10
3.808633611568561773e-10
3.684455207039404758e-10
3.565072312790376985e-10
3.450260546392598662e-10
3.339808297914079981e-10
3.233515862224092192e-10
3.131194639701493792e-10
3.032666399235420957e-10
2.937762598015188700e-10
2.846323753148023597e-10
2.758198860626383384e-10
2.673244857598017740e-10
2.591325916269100702e-10
2.512313822276874648e-10
2.436086273545675720e-10
2.362527339477727207e-10
2.291526874736850409e-10
2.222980175359608048e-10
2.156787658667620609e-10
2.092854565109538031e-10
2.031090680325281428e-10
1.971410075873525673e-10
1.913730867197480410e-10
1.857974987525509664e-10
1.804067976513025042e-10
1.751938782531946031e-10
1.701519577604579373e-10
1.652745584061017846e-10
1.605554912074133162e-10
1.559888407294303515e-10
1.515689507868175343e-10
1.472904110182387129e-10
1.431480442724889067e-10
1.391368947503740759e-10
1.352522168506419730e-10
1.314894646722258803e-10
1.278442821286746115e-10
1.243124936339665175e-10
1.208900953219414784e-10
1.175732467643809706e-10
1.143582631553303976e-10
1.112416079316153949e-10
1.082198858016719720e-10
1.052898361568082423e-10
1.024483268408535289e-10
9.969234825584399589e-11
9.701900778296048706e-11
9.442552449937363231e-11
9.190922417298530914e-11
8.946753451828719016e-11
8.709798069769289232e-11
8.479818105375635870e-11
8.256584305866321286e-11
8.039876966212644893e-11
7.829481410748287497e-11
7.625193994553751437e-11
7.426817457531663852e-11
7.234161711552050496e-11
7.047043541795627128e-11
6.865286322487544247e-11
6.688719746224166290e-11
6.517179566145182500e-11
6.350507350249950569e-11
